0 863
0 2183
1 559
1 949
1 1338
1 1670
2 1171
2 1926
2 2216
3 1481
3 1665
4 67
4 356
4 1455
5 1512
5 2417
6 816
6 898
6 1754
6 1809
7 827
7 907
7 1589
8 443
8 1175
8 1583
8 2192
9 35
9 188
9 1659
10 213
10 1963
11 1231
11 1820
12 1229
12 1893
12 2187
12 2224
13 470
13 714
13 767
13 2251
14 478
14 1768
14 2308
15 1292
15 1377
15 1613
15 2199
16 307
16 650
16 717
16 1754
17 533
17 688
17 735
18 860
18 1288
19 371
19 1185
20 380
20 994
21 1005
21 1328
22 822
22 1891
23 1265
23 2172
23 2263
24 1680
24 1939
25 1641
25 2203
26 275
26 2317
26 2445
27 273
27 1960
27 1973
28 799
28 2391
29 435
29 560
29 649
29 934
30 155
30 307
30 1098
30 1300
31 301
31 712
32 1715
32 1806
32 2112
33 57
33 1423
34 730
34 983
34 1126
34 1797
35 9
35 456
35 611
35 854
36 851
36 1098
36 1300
36 1822
37 444
37 741
37 2071
38 1387
38 2065
39 258
39 515
39 1182
39 1558
40 345
40 1263
41 631
41 1019
42 200
42 443
42 1274
42 1583
43 163
43 978
43 1225
44 1423
44 2034
45 497
45 954
45 1032
45 1139
46 396
46 1252
46 1277
46 2109
47 1311
47 1856
48 1006
48 2108
49 690
49 862
49 1877
49 2007
50 264
50 1677
51 1161
51 1297
52 400
52 1895
53 721
53 763
54 121
54 2045
55 75
55 1986
56 183
56 1124
56 2408
57 33
57 1448
58 175
58 403
58 1407
59 718
59 992
59 1989
60 1424
60 1801
60 1946
61 1117
61 2221
62 160
62 607
62 879
62 2168
63 724
63 1576
64 621
64 1295
64 1324
65 229
65 451
65 1494
65 1916
66 671
66 1845
67 4
67 877
67 2440
68 419
68 1162
69 759
69 798
70 192
70 2383
70 2419
71 890
71 1009
71 2263
72 540
72 662
73 522
73 1015
73 1853
73 1950
74 961
74 1683
75 55
75 452
76 348
76 869
77 194
77 314
77 337
77 1159
78 425
78 668
78 2235
79 200
79 1088
79 1744
80 355
80 817
80 840
80 1452
81 252
81 414
82 497
82 1139
82 1158
82 2205
83 429
83 815
83 1122
83 2341
84 1640
84 2008
84 2169
85 695
85 1497
85 1789
85 2302
86 118
86 1340
86 1527
86 1800
87 874
87 1237
87 2273
88 217
88 450
88 777
88 1696
89 317
89 2318
90 926
90 2154
90 2225
91 1695
91 1714
91 1783
91 2210
92 237
92 300
93 640
93 657
93 1402
93 2037
94 2151
94 2348
95 1945
95 2241
96 436
96 1440
97 2157
97 2266
98 938
98 1496
98 2107
98 2308
99 150
99 997
100 250
100 1840
100 1871
101 512
101 820
101 1000
102 1185
102 2178
103 459
103 626
103 920
103 1030
104 422
104 1346
104 2182
105 217
105 521
105 777
105 2146
106 116
106 1051
107 964
107 2116
107 2173
108 329
108 1246
109 868
109 1272
110 1766
110 2105
110 2255
111 847
111 2394
112 327
112 1517
112 1591
112 1915
113 493
113 1819
113 1835
114 461
114 502
115 473
115 822
116 106
116 1011
117 262
117 296
117 520
117 2140
118 86
118 563
118 1046
118 1997
119 296
119 520
119 1582
119 2224
120 641
120 2084
121 54
121 264
121 1677
121 2390
122 1888
122 2241
123 805
123 1230
123 1470
123 1581
124 718
124 1218
125 1134
125 1724
125 1782
126 189
126 1920
127 1494
127 1916
128 294
128 1409
129 1216
129 1787
129 2100
130 323
130 649
130 916
130 934
131 759
131 1599
131 2265
132 290
132 672
133 266
133 838
133 1359
133 2323
134 386
134 642
135 2223
136 343
136 964
136 1912
136 2116
137 1477
137 1602
138 574
138 1368
138 1781
139 178
139 918
139 1655
139 2006
140 727
140 1601
141 421
141 541
141 853
142 464
142 940
142 1400
142 2423
143 874
143 993
144 913
144 1386
144 1543
144 2448
145 178
145 208
145 659
145 681
146 651
146 1082
146 1229
146 1978
147 621
147 2319
148 467
148 1425
148 1974
148 2079
149 416
149 1062
149 1910
150 99
150 1388
150 2053
151 278
151 387
152 496
152 1971
153 225
153 406
153 1557
153 1852
154 287
154 1008
154 1744
154 1839
155 30
155 1090
155 1608
155 2196
156 202
156 674
156 951
156 1868
157 1620
157 1872
158 299
158 1420
158 1538
158 1930
159 1034
159 1256
159 2031
159 2433
160 62
160 1454
160 1664
160 1695
161 172
162 518
162 1099
163 43
163 226
163 555
163 1116
164 1261
164 1563
165 494
165 695
165 1703
165 2276
166 1014
166 1955
166 2256
167 890
167 1056
167 1719
168 1007
168 1459
168 1699
168 1961
169 675
169 1439
170 229
170 683
170 775
170 1948
171 1936
171 2221
172 161
172 2121
173 523
173 1312
174 1160
174 1934
174 2077
175 58
175 1536
176 399
176 1458
176 2239
177 427
177 948
177 1535
178 139
178 145
178 353
178 1935
179 241
179 1382
179 1580
179 2365
180 883
180 939
181 272
181 1314
182 570
182 1342
182 1391
182 1670
183 56
183 1939
184 253
184 634
184 1227
185 291
185 782
185 2013
185 2286
186 919
186 1012
186 1203
186 2397
187 806
187 2021
188 9
188 854
189 126
189 1891
190 650
190 717
190 730
190 1126
191 886
191 2029
191 2289
191 2431
192 70
192 2354
192 2366
193 229
193 451
193 683
193 1491
194 77
194 1164
194 1228
194 1696
195 946
195 2216
196 542
196 1724
197 426
197 635
197 1849
197 1901
198 546
198 869
199 306
199 1123
199 1612
200 42
200 79
200 1031
200 2254
201 1516
201 1879
201 2294
202 156
202 812
202 844
202 1711
203 404
203 2342
203 2378
204 893
204 1080
205 550
205 1393
205 1541
205 1777
206 1969
206 2261
207 878
207 1424
207 1801
207 1818
208 145
208 890
208 1056
208 1113
209 1996
210 385
210 1304
210 1784
211 1351
211 2183
212 1128
212 1951
212 2287
213 10
213 1037
214 227
214 260
214 855
214 999
215 1219
215 1517
215 1888
215 1915
216 1302
216 2220
217 88
217 105
217 551
217 690
218 485
218 2145
219 805
219 885
219 1061
219 1581
220 355
220 623
220 1452
221 254
221 1058
221 2332
221 2388
222 608
222 2095
223 1486
223 1554
223 1843
223 1859
224 374
224 924
224 1861
225 153
225 1258
225 2111
225 2316
226 163
226 978
227 214
227 359
227 1164
227 1228
228 320
228 323
228 844
228 1708
229 65
229 170
229 193
229 1390
230 924
230 1586
231 1823
231 2052
232 1006
232 1501
232 1763
233 811
233 996
233 1189
233 1319
234 721
234 1492
235 727
235 1149
235 1389
236 2309
236 2325
236 2398
237 92
237 940
237 2393
237 2423
238 508
238 884
238 1660
239 615
239 1736
239 1862
239 2284
240 262
240 553
240 2125
240 2140
241 179
241 870
241 1163
241 1604
242 370
242 1489
242 1764
242 1844
243 402
243 430
243 2103
243 2227
244 1911
244 2255
245 542
245 1166
246 394
246 1481
246 1665
246 1910
247 722
247 1078
248 900
248 2379
249 682
249 807
250 100
250 1230
250 1917
250 2133
251 1688
251 2389
252 81
252 1367
253 184
253 676
253 1003
253 1250
254 221
254 1651
255 417
255 2028
256 632
256 1132
256 1181
257 466
257 882
257 1466
258 39
258 325
258 598
258 1167
259 1551
259 1994
260 214
260 359
260 435
260 560
261 543
261 837
261 1799
261 2142
262 117
262 240
262 535
262 2337
263 1383
263 2048
264 50
264 121
264 2045
265 2229
266 133
266 1220
266 1750
266 2086
267 433
267 917
267 2110
268 585
268 615
268 2284
269 651
269 1848
269 1978
269 2026
270 1039
270 1406
271 319
271 450
271 1622
271 2246
272 181
272 1919
272 2305
273 27
273 941
273 1235
274 761
274 1949
275 26
275 740
275 1337
276 1928
276 2003
277 312
277 430
277 1686
278 151
278 981
279 1085
279 1102
279 1176
279 1445
280 612
280 2205
280 2299
281 1503
281 1682
282 1208
282 1728
283 534
283 1725
284 818
284 1694
285 1213
285 1512
286 1404
286 1828
286 2372
287 154
287 305
287 1109
287 1847
288 676
288 1250
288 2357
289 467
289 1896
289 2079
289 2208
290 132
290 1022
290 2149
291 185
291 390
291 1221
291 2057
292 1202
292 1311
292 1752
293 421
293 1892
294 128
294 1191
295 527
295 923
295 1851
295 1885
296 117
296 119
296 1069
296 1880
297 593
297 2083
298 1206
298 1523
299 158
299 603
299 1201
299 2128
300 92
300 925
300 2393
301 31
301 696
301 1198
301 2296
302 893
302 2155
303 665
303 730
303 782
303 983
304 421
304 853
304 1106
305 287
305 1568
305 1839
305 2316
306 199
306 1729
306 1999
306 2091
307 16
307 30
307 1232
307 2196
308 564
308 903
308 1773
308 1908
309 370
309 1489
309 1959
310 668
310 1764
310 1844
310 1938
311 1428
311 2098
311 2281
312 277
312 393
312 2214
312 2248
313 592
313 793
313 1315
313 1778
314 77
314 1065
314 1228
314 1966
315 2159
315 2303
316 516
316 916
316 934
316 954
317 89
317 1214
317 1290
318 1237
318 1472
318 2273
319 271
319 1008
319 1088
319 1744
320 228
320 989
320 1860
321 725
321 760
321 1087
322 1354
322 2015
322 2163
322 2238
323 130
323 228
323 989
323 1499
324 491
324 1071
324 1310
324 1521
325 258
325 779
325 1073
325 1655
326 1292
326 1516
326 1592
326 2294
327 112
327 600
327 1141
327 1578
328 748
328 1170
328 1457
329 108
329 814
329 1209
330 1231
330 1820
331 393
331 665
331 1735
331 2214
332 1453
332 1881
333 793
333 1315
333 1469
333 1712
334 558
334 1075
335 441
335 992
335 1989
336 498
336 2230
337 77
337 450
337 1622
337 1696
338 609
338 872
338 1040
338 1952
339 663
339 1082
339 1582
339 1626
340 746
340 1113
340 1233
340 1573
341 1230
341 1470
341 1917
341 2193
342 1096
342 1118
343 136
343 1457
343 2209
344 511
344 753
345 40
345 796
345 1371
346 617
346 1632
346 2165
346 2300
347 652
347 781
347 1522
347 2240
348 76
348 1152
349 387
349 2141
350 476
350 2317
351 800
351 1519
351 1595
352 464
352 940
352 1697
353 178
353 659
353 1215
353 2006
354 683
354 775
354 1290
354 1305
355 80
355 220
355 2344
355 2349
356 4
356 682
356 877
357 2083
357 2333
358 962
358 1510
359 227
359 260
359 1169
359 2046
360 480
360 1517
360 1591
360 1657
361 399
361 1458
361 2384
361 2414
362 436
362 766
362 1218
363 581
363 1834
364 1012
364 1924
365 854
365 2141
366 555
366 573
366 1116
366 2051
367 924
367 1356
367 1586
368 2267
368 2282
368 2386
369 422
369 1180
369 2182
370 242
370 309
370 979
370 1410
371 19
371 922
371 2390
372 694
372 973
372 1143
372 1341
373 564
373 1341
373 1507
373 1773
374 224
374 597
374 834
374 1294
375 588
375 1687
375 2280
376 1291
376 1561
377 830
377 1101
377 1268
377 1980
378 942
378 2017
379 431
379 867
379 1223
380 20
380 2085
381 960
381 985
381 1914
381 2288
382 937
382 2406
383 406
383 438
383 474
383 1852
384 424
384 857
384 1376
384 2277
385 210
385 1794
385 2392
386 134
386 1266
387 151
387 349
387 2267
387 2386
388 599
388 1487
388 1855
388 2258
389 1119
389 2033
390 291
390 750
390 851
390 1709
391 1215
391 1598
391 2006
391 2226
392 1453
392 1659
393 312
393 331
394 246
394 524
394 1140
394 1190
395 1187
395 1570
396 46
396 687
396 1372
396 1749
397 432
397 996
397 1151
397 1189
398 540
398 2139
398 2297
399 176
399 361
399 2335
400 52
400 1559
400 2447
401 573
401 677
401 1116
401 1289
402 243
402 808
402 1017
402 1805
403 58
403 826
403 873
403 1334
404 203
404 1529
405 799
405 1460
406 153
406 383
406 440
406 495
407 633
407 780
407 1045
407 1821
408 736
408 1441
408 1555
408 1731
409 747
409 1222
409 1984
410 1089
410 1647
411 571
411 749
411 867
411 1223
412 1052
412 1717
412 2070
413 801
413 1105
413 1633
413 2195
414 81
414 1369
415 846
415 1388
415 2053
416 149
416 1140
416 2016
417 255
418 1368
418 1530
418 1553
418 1982
419 68
419 484
419 803
420 435
420 649
420 812
420 1415
421 141
421 293
421 304
422 104
422 369
423 809
423 839
423 1342
423 1718
424 384
424 694
424 1945
424 2241
425 78
425 1907
425 2444
426 197
426 1143
426 1449
426 1786
427 177
428 1187
428 1870
428 1874
429 83
429 562
429 1693
430 243
430 277
430 1017
430 2248
431 379
431 478
431 1768
432 397
432 1101
432 1248
432 1268
433 267
433 1162
433 2148
434 1953
434 2023
434 2320
435 29
435 260
435 420
435 2046
436 96
436 362
437 517
437 1450
437 1642
437 1818
438 383
438 495
438 784
438 825
439 1019
439 1628
440 406
440 746
440 1009
440 1557
441 335
441 798
442 972
442 1739
443 8
443 42
443 1833
443 2040
444 37
444 613
444 1916
445 1165
445 1911
445 2142
445 2255
446 915
446 968
447 698
447 1148
448 637
448 1313
449 1297
449 1841
449 1957
450 88
450 271
450 337
450 551
451 65
451 193
451 2071
452 75
452 1295
452 2425
453 1331
453 1412
454 630
454 1384
454 1461
455 561
455 1317
455 1757
455 1815
456 35
456 774
457 1854
457 2232
458 652
458 781
458 1417
458 1810
459 103
459 1150
459 1525
459 2018
460 1864
460 2035
461 114
461 762
461 1540
461 2356
462 1701
462 1732
462 1848
462 1978
463 480
463 594
463 1243
463 1657
464 142
464 352
464 1665
465 1237
465 1510
466 257
466 472
467 148
467 289
467 1813
467 2018
468 1639
468 2360
468 2361
469 2095
469 2310
470 13
470 792
470 959
470 1887
471 810
471 1287
471 2005
472 466
472 2370
473 115
473 713
474 383
474 529
474 784
474 1568
475 660
475 998
475 1317
475 1757
476 350
476 698
476 2290
477 1492
477 1854
478 14
478 431
478 864
478 1326
479 738
479 1092
479 2147
480 360
480 463
480 1126
480 1797
481 2167
481 2321
481 2435
482 619
482 2180
482 2206
482 2292
483 806
483 1951
484 419
484 1396
484 1427
485 218
485 993
486 547
486 604
486 1350
486 2211
487 539
487 1486
487 1843
487 1987
488 1188
488 1575
488 1931
489 980
489 1767
489 2102
490 656
490 2143
491 324
491 716
491 830
491 1268
492 1254
492 1346
493 113
493 2175
494 165
494 750
494 1549
494 1709
495 406
495 438
495 1009
495 2263
496 152
496 950
496 2373
497 45
497 82
497 1750
497 2086
498 336
498 624
498 1023
499 1496
499 1905
499 2308
500 942
500 2245
501 646
501 714
501 1992
501 2251
502 114
502 1093
502 1540
503 1746
503 2355
503 2368
504 1471
504 1676
505 603
505 1201
505 1465
505 1745
506 1733
506 1747
506 2334
507 769
507 880
507 1991
507 2088
508 238
508 1014
508 1955
509 1990
509 2343
510 1059
510 1791
510 2175
511 344
511 1264
512 101
512 2377
513 1307
513 2249
514 775
514 1948
514 1955
515 39
515 626
515 920
515 1167
516 316
516 1771
516 1919
516 2305
517 437
517 1070
518 162
518 1197
518 1741
519 1160
519 1438
519 1993
520 117
520 119
520 1804
520 2337
521 105
521 690
521 2007
521 2047
522 73
522 737
522 976
522 1374
523 173
523 530
524 394
524 910
524 1569
525 583
525 1251
525 2030
525 2341
526 603
526 1094
526 1617
526 1745
527 295
527 531
527 742
527 1321
528 1044
528 1059
529 474
529 1607
529 1847
529 2032
530 523
530 1284
530 1774
531 527
531 923
531 1283
531 2302
532 903
532 1508
532 1664
532 1730
533 17
533 670
533 1186
533 1653
534 283
534 977
535 262
535 2125
536 1068
536 1917
536 1964
536 2133
537 917
537 1013
538 572
538 1562
538 2250
539 487
539 899
539 1851
539 1885
540 72
540 398
540 675
540 2112
541 141
541 1791
541 2175
542 196
542 245
543 261
543 944
544 1168
544 2011
544 2385
545 1943
546 198
546 1301
547 486
547 563
547 785
547 1997
548 1561
548 2092
549 920
549 1167
549 1340
549 1800
550 205
550 1735
551 217
551 450
551 1560
551 2246
552 803
552 1596
553 240
553 1838
553 1899
553 2228
554 1201
554 1465
554 2130
554 2247
555 163
555 366
555 1250
556 1094
556 1130
556 1617
556 2137
557 845
557 898
557 1196
557 2093
558 334
558 1806
559 1
559 1071
559 1310
559 1572
560 29
560 260
560 855
560 1894
561 455
561 801
561 1587
561 1633
562 429
562 2030
562 2341
563 118
563 547
563 1125
563 2276
564 308
564 373
564 635
564 1849
565 1585
565 2215
566 1045
566 1420
566 1886
566 2213
567 1005
567 1335
568 1740
568 2330
568 2434
569 769
569 908
569 1067
569 2088
570 182
570 960
570 1803
570 1914
571 411
571 752
571 956
572 538
572 824
572 1289
573 366
573 401
573 1308
574 138
574 685
575 835
575 1882
576 1273
576 1739
577 870
577 894
577 1154
578 723
578 1422
578 1473
578 1959
579 1028
579 1550
579 1645
580 1673
580 2155
581 363
581 1944
582 689
582 728
582 1002
583 525
583 1379
583 1667
583 1679
584 587
584 952
585 268
585 1081
585 2004
586 667
586 1475
586 2380
587 584
587 1406
588 375
588 645
588 1547
588 1640
589 1296
589 2207
590 1634
590 2014
591 666
591 1483
592 313
592 821
592 1524
592 1685
593 297
593 1615
594 463
594 743
594 908
594 1067
595 885
595 1581
595 2237
596 658
596 1136
597 374
597 1270
598 258
598 918
598 1182
598 1655
599 388
599 2234
599 2367
600 327
600 790
600 1393
600 1933
601 849
601 2339
602 703
602 1652
603 299
603 505
603 526
603 1930
604 486
604 785
604 808
604 1614
605 669
605 2008
605 2169
605 2320
606 2396
606 2417
606 2424
607 62
607 1507
607 1565
607 1773
608 222
608 734
608 1883
609 338
609 819
609 965
609 2106
610 1179
610 1405
611 35
611 1144
611 1659
612 280
612 1495
613 444
613 741
613 1921
614 848
614 1906
615 239
615 268
615 1081
615 2078
616 1435
616 1625
617 346
617 887
617 1524
617 2350
618 1188
618 1931
618 2441
619 482
619 647
619 1408
619 2066
620 1381
620 1389
620 1621
621 64
621 147
621 1103
621 1698
622 1330
622 1937
623 220
623 1304
623 1784
624 498
624 1692
625 1118
625 1792
626 103
626 515
626 1558
627 1671
627 1738
628 1648
628 2010
628 2274
629 997
629 1021
629 2115
630 454
630 1149
630 1381
630 1389
631 41
631 2065
632 256
632 1487
632 2190
632 2258
633 407
633 2218
633 2375
634 184
634 676
634 1498
635 197
635 564
635 1908
635 2177
636 1652
636 1780
637 448
637 2245
638 660
638 998
638 1465
638 2130
639 1654
639 2043
640 93
640 833
640 1918
641 120
641 950
642 134
642 984
643 1129
643 1273
644 704
644 1227
644 1689
645 588
645 1488
645 2280
646 501
646 1049
646 1468
646 1831
647 619
647 1091
647 1169
647 1375
648 1079
648 2107
648 2173
649 29
649 130
649 420
649 1499
650 16
650 190
650 1084
650 1243
651 146
651 269
651 2117
652 347
652 458
652 941
652 1235
653 1368
653 1530
653 1781
654 790
654 1933
654 1962
655 958
655 1866
655 2231
656 490
656 1550
656 1645
657 93
657 707
657 1468
657 1887
658 596
658 1544
658 2188
659 145
659 353
659 1113
659 1233
660 475
660 638
660 1546
660 1825
661 1197
661 2144
662 72
662 693
663 339
663 1315
663 1469
663 2117
664 746
664 890
664 1009
664 1113
665 303
665 331
665 1605
665 1777
666 591
666 2062
667 586
667 866
667 1106
668 78
668 310
668 1542
668 1907
669 605
669 1193
669 1348
669 1433
670 533
670 688
670 1193
670 1433
671 66
671 731
671 957
672 132
672 1320
672 2149
673 2069
673 2164
674 156
674 844
674 1394
674 1708
675 169
675 540
675 1674
675 2139
676 253
676 288
676 634
676 765
677 401
677 1016
677 1086
677 1308
678 1716
678 1785
678 2311
679 1322
679 1551
680 1611
680 2389
681 145
681 1056
681 1935
681 2211
682 249
682 356
682 1455
683 170
683 193
683 354
683 1760
684 1588
684 1808
684 2260
685 574
685 2203
686 975
686 1799
687 396
687 1252
687 1355
687 1573
688 17
688 670
688 1667
688 1953
689 582
689 1419
689 2252
689 2298
690 49
690 217
690 521
690 1560
691 895
691 1720
692 1569
693 662
693 937
694 372
694 424
694 1194
694 1376
695 85
695 165
695 750
695 2272
696 301
696 967
697 1004
697 1080
698 447
698 476
698 1585
699 1298
699 1681
699 2059
700 1144
700 2092
701 1358
701 1996
702 1064
702 2089
703 602
703 1432
704 644
704 1003
704 2437
705 802
705 1208
705 1459
705 1961
706 729
706 2301
707 657
707 926
707 2037
707 2225
708 1401
708 1832
709 1681
709 2153
710 1244
710 2215
711 1441
711 1555
711 1843
711 1987
712 31
712 1110
712 1198
712 1793
713 473
713 990
714 13
714 501
714 1993
715 1149
715 2243
716 491
716 996
716 1319
716 1521
717 16
717 190
717 1232
717 1242
718 59
718 124
719 1635
719 1637
719 1900
720 757
720 1272
720 1970
721 53
721 234
722 247
722 1878
723 578
723 979
723 980
723 1767
724 63
724 1906
725 321
725 1345
725 1469
725 1712
726 1096
726 1564
727 140
727 235
728 582
728 1419
728 2250
729 706
729 2197
730 34
730 190
730 303
730 1242
731 671
731 1053
731 1845
732 745
732 1158
732 2205
732 2299
733 976
733 1300
733 1374
733 1822
734 608
734 1142
734 1628
735 17
735 1653
736 408
736 1613
736 1965
736 2199
737 522
737 819
737 1015
737 2106
738 479
738 2004
738 2247
739 1284
739 1683
740 275
740 2313
741 37
741 613
741 1260
742 527
742 1283
742 1425
742 2079
743 594
743 1084
743 1243
743 1837
744 1247
744 2081
745 732
745 802
745 1208
745 1728
746 340
746 440
746 664
746 1276
747 409
747 1371
748 328
748 1257
748 1904
749 411
749 752
749 814
750 390
750 494
750 695
750 1497
751 974
751 1089
752 571
752 749
752 1816
753 344
753 1104
754 1509
754 2328
754 2430
755 1985
755 2073
756 903
756 1508
756 1624
756 1908
757 720
757 2062
757 2311
758 1296
758 2015
758 2163
758 2207
759 69
759 131
759 1306
760 321
760 1345
760 2126
761 274
761 2232
762 461
762 987
762 2340
763 53
763 1927
764 1157
764 1328
765 676
765 935
765 1498
765 2357
766 362
766 1969
767 13
767 959
767 1438
767 1993
768 912
768 1619
769 507
769 569
769 811
769 1189
770 1490
770 1501
771 784
771 825
771 1007
771 1699
772 1292
772 1365
772 1592
772 1613
773 1420
773 1538
773 1886
773 2217
774 456
774 1244
774 1539
775 170
775 354
775 514
776 892
776 1117
777 88
777 105
777 1091
777 1375
778 1076
778 1883
779 325
779 1350
779 1935
779 2211
780 407
780 2158
781 347
781 458
781 965
781 2106
782 185
782 303
782 1242
782 1605
783 1494
783 1909
784 438
784 474
784 771
784 1607
785 547
785 604
785 1125
785 2227
786 1136
786 1620
787 1414
787 1722
788 919
788 1012
788 2312
789 936
789 1518
789 2382
790 600
790 654
790 1578
790 1898
791 1545
791 2067
792 470
792 1402
792 1470
792 2193
793 313
793 333
793 1685
793 2072
794 1756
794 1780
795 1343
795 1617
795 1745
795 2304
796 345
796 1263
797 831
797 1174
797 2178
797 2309
798 69
798 441
798 1306
798 1989
799 28
799 405
800 351
800 859
800 2111
800 2150
801 413
801 561
801 1317
801 1663
802 705
802 745
802 1158
802 2323
803 419
803 552
803 1396
803 2044
804 914
804 1548
804 2242
805 123
805 219
805 959
805 1438
806 187
806 483
806 1050
807 249
807 1226
808 402
808 604
808 1719
808 2227
809 423
809 905
809 1102
809 1445
810 471
810 1480
811 233
811 769
811 908
811 2291
812 202
812 420
812 1499
812 2306
813 1198
813 1475
813 1707
813 1793
814 329
814 749
814 867
814 1942
815 83
815 1625
815 2023
816 6
816 1608
816 1956
816 2196
817 80
817 1523
817 1779
818 284
818 1846
819 609
819 737
819 1040
819 1374
820 101
820 888
820 1807
821 592
821 1207
821 1778
822 22
822 115
823 1367
823 1720
824 572
825 438
825 771
825 1265
825 2263
826 403
826 948
826 1407
826 1535
827 7
827 1975
828 1884
828 1936
828 2221
829 1110
829 1347
830 377
830 491
830 1310
830 1397
831 797
831 1271
831 2343
832 1055
832 2177
832 2179
833 640
833 1402
833 1958
833 2193
834 374
834 1127
834 1861
834 2068
835 575
835 1292
835 1377
835 2294
836 2050
836 2122
837 261
837 1131
837 1285
838 133
838 945
838 1007
838 1961
839 423
839 905
839 1500
839 1505
840 80
840 1779
840 1858
840 2344
841 1163
841 1544
841 1604
842 1444
842 2067
843 907
843 2223
844 202
844 228
844 674
844 1499
845 557
845 1319
845 1521
845 1532
846 415
846 1163
847 111
847 1043
848 614
848 2280
849 601
849 1529
850 900
850 2233
851 36
851 390
851 1221
851 1497
852 2025
853 141
853 304
853 1120
853 1791
854 35
854 188
854 365
855 214
855 560
855 1032
855 1333
856 957
856 1676
857 384
857 1219
857 1888
857 2241
858 1467
858 1635
858 1796
858 1900
859 800
859 1057
859 1277
859 2109
860 18
860 2076
860 2345
861 1264
861 1875
862 49
862 881
862 1732
862 1893
863 0
863 1772
864 478
864 2107
864 2308
865 884
865 1381
865 1621
866 667
866 1198
866 1475
866 2296
867 379
867 411
867 814
867 1768
868 109
868 1370
868 2446
869 76
869 198
870 241
870 577
870 1411
870 1580
871 1362
871 2081
872 338
872 1505
872 1608
872 1956
873 403
873 2307
874 87
874 143
874 1688
875 2300
876 1245
876 2036
876 2057
876 2103
877 67
877 356
877 1128
878 207
878 1070
878 2015
878 2207
879 62
879 903
879 1664
879 1773
880 507
880 1151
880 1189
880 2002
881 862
881 1175
881 1603
881 1877
882 257
882 966
882 1364
883 180
883 1807
884 238
884 865
884 1014
884 1461
885 219
885 595
885 1934
886 191
886 2039
886 2185
887 617
887 1207
887 1890
887 2374
888 820
888 1000
889 962
889 1794
889 2392
890 71
890 167
890 208
890 664
891 1212
891 1482
891 2120
892 776
892 1577
893 204
893 302
894 577
894 1967
894 2428
895 691
895 1361
896 1421
896 1634
896 1922
897 1606
897 2427
898 6
898 557
898 1532
898 1956
899 539
899 1987
900 248
900 850
901 953
901 1312
902 1179
903 308
903 532
903 756
903 879
904 1436
904 2388
904 2443
905 809
905 839
905 1417
905 1952
906 1202
906 2244
907 7
907 843
908 569
908 594
908 811
908 1837
909 1889
909 2222
910 524
910 1190
910 1858
911 1449
911 1786
912 768
912 1742
913 144
913 1281
913 1474
913 1479
914 804
914 935
914 2357
915 446
915 2249
916 130
916 316
916 989
916 1919
917 267
917 537
917 1178
917 2148
918 139
918 598
918 1336
918 2000
919 186
919 788
920 103
920 515
920 549
920 1150
921 1985
921 2073
922 371
922 932
922 1334
923 295
923 531
923 1240
923 2278
924 224
924 230
924 367
924 1047
925 300
925 2176
926 90
926 707
926 1049
926 1468
927 1547
927 1640
927 2008
927 2321
928 1400
928 1903
928 2423
929 1199
929 1714
929 1830
929 2210
930 1884
930 2134
930 2418
931 1192
931 1960
931 1973
931 2060
932 922
932 1677
932 2307
932 2390
933 1923
933 2257
934 29
934 130
934 316
934 1894
935 765
935 914
935 2054
935 2190
936 789
936 1147
937 382
937 693
938 98
938 985
938 1650
938 1865
939 180
939 2396
939 2424
940 142
940 237
940 352
941 273
941 652
941 1083
941 1810
942 378
942 500
943 1788
943 2355
943 2368
944 543
944 1165
944 1177
944 2142
945 838
945 1359
945 1607
945 2032
946 195
946 1385
947 1588
947 1808
947 2429
948 177
948 826
948 1212
949 1
949 1310
949 1397
949 1587
950 496
950 641
950 2229
951 156
951 1296
951 1394
951 2163
952 584
952 2336
952 2369
953 901
953 1940
954 45
954 316
954 1771
954 1894
955 973
955 1341
955 1507
955 2002
956 571
956 1214
956 1491
956 1816
957 671
957 856
957 1574
958 655
958 1060
958 1673
959 470
959 767
959 805
959 1470
960 381
960 570
960 1316
960 1391
961 74
961 1763
962 358
962 889
963 1072
963 1184
963 1316
963 1446
964 107
964 136
964 2209
965 609
965 781
965 1417
965 1952
966 882
966 1466
967 696
967 1044
967 1120
967 2296
968 446
968 1037
969 1048
969 1828
970 1363
970 1386
971 1226
971 1395
972 442
972 1353
973 372
973 955
973 1376
973 1991
974 751
974 1303
975 686
975 1727
976 522
976 733
976 1789
976 1950
977 534
977 1867
978 43
978 226
979 370
979 723
979 1352
979 1959
980 489
980 723
980 1352
980 1399
981 278
981 1662
982 1473
982 1959
983 34
983 303
983 1541
983 1777
984 642
984 1895
985 381
985 938
985 1537
985 2322
986 1042
986 2120
987 762
987 1733
987 2334
987 2387
988 1238
988 1637
988 1947
989 320
989 323
989 916
989 1314
990 713
990 2198
991 1266
991 2184
992 59
992 335
992 1097
993 143
993 485
994 20
994 2080
995 1776
995 2121
996 233
996 397
996 716
996 1268
997 99
997 629
997 1669
998 475
998 638
998 1199
998 2038
999 214
999 1065
999 1228
999 1333
1000 101
1000 888
1001 1694
1001 2268
1002 582
1002 1502
1002 2298
1003 253
1003 704
1003 1227
1003 2051
1004 697
1004 2379
1005 21
1005 567
1006 48
1006 232
1007 168
1007 771
1007 838
1007 1607
1008 154
1008 319
1008 1109
1008 1622
1009 71
1009 440
1009 495
1009 664
1010 1430
1010 1896
1010 2208
1011 116
1011 1325
1012 186
1012 364
1012 788
1012 1937
1013 537
1013 1178
1013 1330
1013 1533
1014 166
1014 508
1014 884
1015 73
1015 737
1015 1859
1015 2240
1016 677
1016 1289
1017 402
1017 430
1017 1686
1017 2172
1018 2055
1018 2182
1019 41
1019 439
1020 1125
1020 2036
1020 2103
1020 2227
1021 629
1021 1436
1021 1669
1021 2443
1022 290
1022 1222
1022 1984
1023 498
1023 1099
1023 1692
1024 1076
1024 1562
1025 1246
1025 1770
1025 1862
1025 2284
1026 1668
1026 2080
1027 1063
1027 1543
1027 1802
1027 2448
1028 579
1028 2101
1028 2315
1029 1298
1029 1921
1029 2059
1030 103
1030 1525
1030 1689
1031 200
1031 1088
1031 1095
1031 1583
1032 45
1032 855
1032 1750
1032 1894
1033 1178
1033 2148
1033 2422
1034 159
1034 1556
1035 1897
1035 2091
1036 1814
1036 1873
1036 2335
1037 213
1037 968
1038 1205
1038 1827
1039 270
1039 1599
1040 338
1040 819
1040 1090
1040 1608
1041 1058
1041 1436
1041 2259
1041 2388
1042 986
1042 1668
1043 847
1043 1075
1044 528
1044 967
1044 1755
1045 407
1045 566
1045 2218
1045 2219
1046 118
1046 1527
1046 1703
1046 2276
1047 924
1047 1861
1048 969
1048 1183
1048 1795
1049 646
1049 926
1049 1938
1049 2154
1050 806
1050 1979
1050 2021
1051 106
1051 1638
1052 412
1052 2383
1052 2436
1053 731
1053 1525
1053 1813
1053 2018
1054 1681
1054 1819
1054 2059
1055 832
1055 1678
1055 1981
1056 167
1056 208
1056 681
1056 1614
1057 859
1057 2150
1058 221
1058 1041
1059 510
1059 528
1059 1755
1059 2153
1060 958
1060 2231
1061 219
1061 1160
1061 1438
1061 1934
1062 149
1062 2016
1063 1027
1063 2266
1064 702
1064 1156
1064 1259
1064 2119
1065 314
1065 999
1065 1121
1065 1220
1066 1892
1066 2399
1067 569
1067 594
1067 1657
1067 2262
1068 536
1068 1817
1069 296
1069 1751
1069 2187
1069 2224
1070 517
1070 878
1070 1818
1071 324
1071 559
1071 1196
1071 1718
1072 963
1072 1085
1072 1176
1072 1713
1073 325
1073 1167
1073 1340
1073 1350
1074 1178
1074 1330
1074 2422
1075 334
1075 1043
1076 778
1076 1024
1077 2178
1077 2309
1077 2325
1078 247
1078 1661
1079 648
1079 1865
1079 2012
1080 204
1080 697
1081 585
1081 615
1081 1546
1081 2009
1082 146
1082 339
1082 1941
1082 2117
1083 941
1083 1085
1083 1713
1084 650
1084 743
1084 1754
1084 1809
1085 279
1085 1072
1085 1083
1085 1810
1086 677
1086 1100
1086 1842
1087 321
1087 2126
1087 2170
1088 79
1088 319
1088 1031
1088 2246
1089 410
1089 751
1090 155
1090 1040
1090 1300
1090 1374
1091 647
1091 777
1091 1164
1091 1696
1092 479
1092 1201
1092 2128
1092 2247
1093 502
1093 2362
1094 526
1094 556
1094 1930
1094 2135
1095 1031
1095 1560
1095 2124
1095 2246
1096 342
1096 726
1096 2353
1097 992
1097 2194
1098 30
1098 36
1098 1221
1098 1232
1099 162
1099 1023
1099 1741
1100 1086
1100 1308
1100 1759
1100 2000
1101 377
1101 432
1101 1783
1101 2210
1102 279
1102 809
1102 1342
1102 1391
1103 621
1103 1295
1103 2319
1103 2425
1104 753
1104 1927
1105 413
1105 1513
1105 1663
1105 1723
1106 304
1106 667
1106 1120
1106 2296
1107 2012
1107 2209
1108 1456
1108 2264
1109 287
1109 1008
1109 1135
1109 1159
1110 712
1110 829
1110 2050
1111 1124
1111 2297
1111 2408
1112 1285
1112 1380
1112 2019
1113 208
1113 340
1113 659
1113 664
1114 1148
1114 2100
1115 1787
1115 1848
1115 2026
1115 2087
1116 163
1116 366
1116 401
1117 61
1117 776
1118 342
1118 625
1119 389
1119 1299
1120 853
1120 967
1120 1106
1120 1755
1121 1065
1121 1359
1121 1966
1121 2032
1122 83
1122 1625
1122 1693
1123 199
1123 1729
1123 1772
1124 56
1124 1111
1125 563
1125 785
1125 1020
1125 1549
1126 34
1126 190
1126 480
1126 1243
1127 834
1127 1294
1127 1531
1128 212
1128 877
1128 2440
1129 643
1129 1183
1130 556
1130 1730
1130 2089
1130 2135
1131 837
1131 1360
1131 1799
1132 256
1132 2185
1132 2258
1133 1544
1133 2188
1134 125
1134 1627
1135 1109
1135 1847
1135 1966
1135 2032
1136 596
1136 786
1137 1648
1137 2010
1138 1175
1138 1594
1138 1603
1138 2192
1139 45
1139 82
1139 1495
1139 1771
1140 394
1140 416
1140 1569
1140 1910
1141 327
1141 1393
1141 1541
1141 1591
1142 734
1142 1883
1143 372
1143 426
1143 1194
1143 1849
1144 611
1144 700
1145 1700
1145 1753
1146 1257
1146 1270
1146 2152
1147 936
1147 1957
1147 2382
1148 447
1148 1114
1149 235
1149 630
1149 715
1149 1384
1150 459
1150 920
1150 1800
1150 1974
1151 397
1151 880
1151 1248
1151 1684
1152 348
1152 1654
1153 1863
1153 2271
1154 577
1154 1411
1154 2428
1155 1270
1155 1356
1155 2152
1156 1064
1156 2101
1156 2315
1157 764
1157 1476
1157 2449
1158 82
1158 732
1158 802
1158 2086
1159 77
1159 1109
1159 1622
1159 1966
1160 174
1160 519
1160 1061
1160 1349
1161 51
1161 2108
1162 68
1162 433
1163 241
1163 841
1163 846
1163 1411
1164 194
1164 227
1164 1091
1164 1169
1165 445
1165 944
1165 1734
1166 245
1166 2295
1167 258
1167 515
1167 549
1167 1073
1168 544
1168 1236
1169 359
1169 647
1169 1164
1169 1408
1170 328
1170 1429
1170 1904
1170 1912
1171 2
1171 1702
1171 1872
1172 1283
1172 1425
1172 1527
1172 1703
1173 1808
1173 2260
1173 2443
1174 797
1174 1271
1174 1986
1175 8
1175 881
1175 1138
1175 2124
1176 279
1176 1072
1176 1316
1176 1391
1177 944
1177 1369
1178 917
1178 1013
1178 1033
1178 1074
1179 610
1179 902
1179 1204
1180 369
1180 1434
1181 256
1181 2242
1182 39
1182 598
1182 1759
1182 2000
1183 1048
1183 1129
1184 963
1184 1713
1185 19
1185 102
1186 533
1186 1433
1186 1462
1186 1571
1187 395
1187 428
1187 1820
1188 488
1188 618
1188 1526
1189 233
1189 397
1189 769
1189 880
1190 394
1190 910
1190 1481
1190 2171
1191 294
1191 2231
1192 931
1192 1293
1192 1965
1192 2293
1193 669
1193 670
1193 1953
1193 2320
1194 694
1194 1143
1194 1449
1194 1945
1195 1217
1195 1590
1195 1826
1196 557
1196 1071
1196 1500
1196 1521
1197 518
1197 661
1198 301
1198 712
1198 813
1198 866
1199 929
1199 998
1199 1343
1199 1757
1200 1692
1200 1972
1201 299
1201 505
1201 554
1201 1092
1202 292
1202 906
1202 2438
1203 186
1203 1330
1203 1533
1203 1937
1204 1179
1204 2362
1205 1038
1205 1442
1205 2450
1206 298
1206 1443
1207 821
1207 887
1207 1524
1207 1913
1208 282
1208 705
1208 745
1208 1241
1209 329
1209 1246
1209 1770
1209 1942
1210 1355
1210 1463
1210 1502
1210 1811
1211 1351
1211 2011
1212 891
1212 948
1212 1407
1213 285
1213 1968
1213 2331
1214 317
1214 956
1214 1760
1215 353
1215 391
1215 1233
1215 1463
1216 129
1216 1662
1217 1195
1217 1309
1217 2342
1217 2378
1218 124
1218 362
1219 215
1219 857
1219 1646
1219 2277
1220 266
1220 1065
1220 1333
1220 1359
1221 291
1221 851
1221 1098
1221 2013
1222 409
1222 1022
1222 1371
1223 379
1223 411
1224 1308
1224 1759
1224 2437
1225 43
1225 1548
1226 807
1226 971
1227 184
1227 644
1227 1003
1228 194
1228 227
1228 314
1228 999
1229 12
1229 146
1229 1925
1229 1941
1230 123
1230 250
1230 341
1230 1840
1231 11
1231 330
1231 1985
1232 307
1232 717
1232 1098
1232 2013
1233 340
1233 659
1233 1215
1233 1932
1234 1666
1234 1880
1234 1899
1234 2292
1235 273
1235 652
1235 1522
1235 1960
1236 1168
1236 1392
1236 1531
1236 2385
1237 87
1237 318
1237 465
1237 1688
1238 988
1238 2116
1238 2352
1239 1439
1239 1864
1240 923
1240 1853
1240 1885
1240 1950
1241 1208
1241 1459
1241 1579
1242 717
1242 730
1242 782
1242 2013
1243 463
1243 650
1243 743
1243 1126
1244 710
1244 774
1245 876
1245 2214
1245 2248
1245 2286
1246 108
1246 1025
1246 1209
1246 1988
1247 744
1247 1826
1248 432
1248 1151
1248 1565
1248 1783
1249 1946
1249 2102
1249 2228
1250 253
1250 288
1250 555
1250 2051
1251 525
1251 1667
1251 1953
1251 2023
1252 46
1252 687
1252 1258
1252 1276
1253 1449
1253 1945
1254 492
1254 2164
1255 2126
1256 159
1256 1556
1256 2072
1257 748
1257 1146
1257 1796
1258 225
1258 1252
1258 1277
1258 1557
1259 1064
1259 1508
1259 1730
1259 2089
1260 741
1260 1298
1260 1921
1261 164
1262 1275
1262 2421
1263 40
1263 796
1263 1691
1264 511
1264 861
1265 23
1265 825
1265 1623
1265 1699
1266 386
1266 991
1267 1443
1267 1630
1268 377
1268 432
1268 491
1268 996
1269 1362
1269 2097
1270 597
1270 1146
1270 1155
1271 831
1271 1174
1271 1705
1272 109
1272 720
1272 2446
1273 576
1273 643
1274 42
1274 2040
1274 2254
1275 1262
1275 1421
1275 1922
1276 746
1276 1252
1276 1557
1276 1573
1277 46
1277 859
1277 1258
1277 2111
1278 1322
1278 2287
1279 2132
1279 2186
1280 1792
1280 1977
1281 913
1281 1323
1281 1363
1281 1386
1282 1416
1282 2285
1283 531
1283 742
1283 1172
1283 2272
1284 530
1284 739
1285 837
1285 1112
1285 1360
1286 1968
1286 2331
1286 2338
1287 471
1287 1480
1287 2041
1287 2364
1288 18
1288 1518
1289 401
1289 572
1289 1016
1290 317
1290 354
1290 1760
1291 376
1291 1949
1292 15
1292 326
1292 772
1292 835
1293 1192
1293 1522
1293 1554
1293 1960
1294 374
1294 1127
1295 64
1295 452
1295 1103
1296 589
1296 758
1296 951
1296 2096
1297 51
1297 449
1297 2414
1298 699
1298 1029
1298 1260
1299 1119
1299 2377
1300 30
1300 36
1300 733
1300 1090
1301 546
1301 2243
1302 216
1302 1647
1303 974
1303 1940
1304 210
1304 623
1304 1794
1305 354
1306 759
1306 798
1306 2265
1307 513
1307 1874
1308 573
1308 677
1308 1100
1308 1224
1309 1217
1309 1404
1309 1826
1309 2372
1310 324
1310 559
1310 830
1310 949
1311 47
1311 292
1312 173
1312 901
1313 448
1313 1975
1314 181
1314 989
1314 1919
1315 313
1315 333
1315 663
1315 1626
1316 960
1316 963
1316 1176
1316 2288
1317 455
1317 475
1317 801
1317 1825
1318 1474
1318 1658
1318 1737
1319 233
1319 716
1319 845
1319 2291
1320 672
1320 1474
1320 1479
1320 1737
1321 527
1321 1851
1321 2079
1321 2208
1322 679
1322 1278
1323 1281
1323 1474
1323 2049
1324 64
1324 1698
1324 2075
1325 1011
1325 2200
1326 478
1326 2114
1327 1366
1327 2259
1328 21
1328 764
1328 2449
1329 1545
1329 1704
1330 622
1330 1013
1330 1074
1330 1203
1331 453
1331 1349
1332 1642
1332 1801
1332 1818
1332 2024
1333 855
1333 999
1333 1220
1333 1750
1334 403
1334 922
1334 1535
1334 2307
1335 567
1335 1552
1336 918
1336 1842
1336 2006
1336 2226
1337 275
1337 2313
1338 1
1338 1587
1338 1633
1338 1803
1339 1354
1339 1504
1339 2161
1339 2238
1340 86
1340 549
1340 1073
1340 1997
1341 372
1341 373
1341 955
1341 1849
1342 182
1342 423
1342 1102
1342 1572
1343 795
1343 1199
1343 1714
1343 2038
1344 1706
1345 725
1345 760
1345 1556
1346 104
1346 492
1346 2058
1347 829
1347 2064
1347 2218
1347 2375
1348 669
1348 2008
1348 2167
1348 2321
1349 1160
1349 1331
1349 2077
1350 486
1350 779
1350 1073
1350 1997
1351 211
1351 1211
1352 979
1352 980
1352 1410
1352 2024
1353 972
1353 1923
1354 322
1354 1339
1354 1403
1354 1868
1355 687
1355 1210
1355 1749
1355 1932
1356 367
1356 1155
1356 1879
1357 1576
1357 1746
1357 2042
1358 701
1358 2275
1359 133
1359 945
1359 1121
1359 1220
1360 1131
1360 1285
1360 1380
1361 895
1361 2127
1362 871
1362 1269
1363 970
1363 1281
1363 1761
1363 2049
1364 882
1364 2358
1365 772
1365 1973
1365 2060
1365 2191
1366 1327
1366 1765
1367 252
1367 823
1368 138
1368 418
1368 653
1368 1534
1369 414
1369 1177
1370 868
1370 2144
1371 345
1371 747
1371 1222
1372 396
1372 2109
1373 1425
1373 1527
1373 1800
1373 1974
1374 522
1374 733
1374 819
1374 1090
1375 647
1375 777
1375 2066
1375 2146
1376 384
1376 694
1376 973
1376 2056
1377 15
1377 835
1378 1833
1378 2040
1379 583
1379 2030
1379 2049
1380 1112
1380 1360
1380 1747
1381 620
1381 630
1381 865
1381 1461
1382 179
1382 1600
1382 2426
1383 263
1383 2099
1384 454
1384 1149
1385 946
1385 1447
1386 144
1386 970
1386 1281
1387 38
1387 2097
1388 150
1388 415
1388 1765
1389 235
1389 620
1389 630
1390 229
1390 1494
1390 1909
1390 1948
1391 182
1391 960
1391 1102
1391 1176
1392 1236
1392 2068
1392 2113
1393 205
1393 600
1393 1141
1394 674
1394 951
1394 1869
1394 2096
1395 971
1395 1643
1396 484
1396 803
1397 830
1397 949
1397 1815
1397 1980
1398 1451
1398 1829
1399 980
1399 1801
1399 2024
1400 142
1400 928
1401 708
1401 1413
1401 2176
1402 93
1402 792
1402 833
1402 1887
1403 1354
1403 1504
1403 1672
1403 1711
1404 286
1404 1309
1405 610
1405 1725
1406 270
1406 587
1407 58
1407 826
1407 1212
1407 1536
1408 619
1408 1169
1408 2046
1408 2206
1409 128
1409 2162
1410 370
1410 1352
1410 1764
1410 1983
1411 870
1411 1154
1411 1163
1412 453
1412 1629
1413 1401
1413 1832
1414 787
1414 1567
1415 420
1415 2046
1415 2206
1415 2306
1416 1282
1416 1506
1417 458
1417 905
1417 965
1417 1445
1418 1485
1418 1888
1418 1915
1419 689
1419 728
1420 158
1420 566
1420 773
1420 1721
1421 896
1421 1275
1421 2421
1422 578
1422 1767
1422 1890
1423 33
1423 44
1424 60
1424 207
1424 2015
1424 2238
1425 148
1425 742
1425 1172
1425 1373
1426 1601
1426 2082
1427 484
1427 2110
1428 311
1428 2033
1429 1170
1429 1635
1429 1637
1429 1947
1430 1010
1430 1928
1431 2138
1431 2237
1432 703
1432 1774
1433 669
1433 670
1433 1186
1433 2167
1434 1180
1434 1835
1435 616
1435 1437
1436 904
1436 1021
1436 1041
1437 1435
1437 1634
1437 2014
1438 519
1438 767
1438 805
1438 1061
1439 169
1439 1239
1439 2139
1440 96
1440 2131
1441 408
1441 711
1441 1965
1441 2293
1442 1205
1442 1515
1442 1612
1442 1627
1443 1206
1443 1267
1444 842
1444 1873
1445 279
1445 809
1445 1417
1445 1810
1446 963
1446 2012
1446 2288
1447 1385
1447 2016
1448 57
1448 2017
1449 426
1449 911
1449 1194
1449 1253
1450 437
1450 2235
1451 1398
1452 80
1452 220
1452 1784
1453 332
1453 392
1454 160
1454 1617
1454 2137
1454 2304
1455 4
1455 682
1455 1618
1456 1108
1456 1762
1457 328
1457 343
1457 1912
1458 176
1458 361
1458 1610
1459 168
1459 705
1459 1241
1459 2129
1460 405
1460 2027
1461 454
1461 884
1461 1381
1461 1660
1462 1186
1462 2167
1463 1210
1463 1215
1463 1598
1463 1932
1464 1496
1464 1513
1464 1723
1464 1905
1465 505
1465 554
1465 638
1465 2038
1466 257
1466 966
1467 858
1467 2022
1468 646
1468 657
1468 926
1468 2251
1469 333
1469 663
1469 725
1470 123
1470 341
1470 792
1470 959
1471 504
1471 2312
1472 318
1472 1506
1473 578
1473 982
1473 1890
1473 2374
1474 913
1474 1318
1474 1320
1474 1323
1475 586
1475 813
1475 866
1475 1748
1476 1157
1476 1638
1477 137
1477 1920
1478 1682
1478 2123
1479 913
1479 1320
1479 1543
1480 810
1480 1287
1480 2029
1480 2367
1481 3
1481 246
1481 1190
1482 891
1482 2138
1483 591
1483 1788
1484 2197
1484 2265
1485 1418
1485 1578
1485 1898
1486 223
1486 487
1486 1853
1486 1885
1487 388
1487 632
1487 2174
1487 2234
1488 645
1488 1640
1489 242
1489 309
1489 1606
1489 2427
1490 770
1490 2233
1491 193
1491 956
1491 1760
1492 234
1492 477
1492 2354
1493 1633
1493 1803
1493 1914
1493 2195
1494 65
1494 127
1494 783
1494 1390
1495 612
1495 1139
1495 2156
1495 2205
1496 98
1496 499
1496 1464
1496 1650
1497 85
1497 750
1497 851
1497 1822
1498 634
1498 765
1498 2054
1499 323
1499 649
1499 812
1499 844
1500 839
1500 1196
1500 1718
1500 2093
1501 232
1501 770
1502 1002
1502 1210
1502 1598
1503 281
1503 1977
1504 1339
1504 1403
1504 1838
1504 2180
1505 839
1505 872
1505 1952
1505 2093
1506 1416
1506 1472
1506 2273
1507 373
1507 607
1507 955
1507 1684
1508 532
1508 756
1508 1259
1508 2119
1509 754
1509 2076
1509 2329
1509 2345
1510 358
1510 465
1510 1688
1510 2389
1511 1753
1511 2113
1512 5
1512 285
1513 1105
1513 1464
1513 1650
1513 2195
1514 1522
1514 1554
1514 1859
1514 2240
1515 1442
1515 1782
1516 201
1516 326
1516 1675
1517 112
1517 215
1517 360
1517 1646
1518 789
1518 1288
1519 351
1519 1839
1519 2111
1519 2316
1520 1658
1520 2030
1521 324
1521 716
1521 845
1521 1196
1522 347
1522 1235
1522 1293
1522 1514
1523 298
1523 817
1523 1790
1524 592
1524 617
1524 1207
1524 2165
1525 459
1525 1030
1525 1053
1525 1845
1526 1188
1526 1766
1526 2105
1526 2441
1527 86
1527 1046
1527 1172
1527 1373
1528 1671
1528 1857
1529 404
1529 849
1530 418
1530 653
1531 1127
1531 1236
1531 2068
1532 845
1532 898
1532 1809
1532 2291
1533 1013
1533 1203
1533 2397
1534 1368
1534 1553
1535 177
1535 826
1535 1334
1536 175
1536 1407
1536 2271
1537 985
1537 1650
1537 1914
1537 2195
1538 158
1538 773
1538 2128
1538 2181
1539 774
1540 461
1540 502
1541 205
1541 983
1541 1141
1541 1797
1542 668
1542 1764
1542 1983
1542 2235
1543 144
1543 1027
1543 1479
1544 658
1544 841
1544 1133
1545 791
1545 1329
1546 660
1546 1081
1546 2078
1546 2130
1547 588
1547 927
1547 1687
1548 804
1548 1225
1549 494
1549 1125
1549 2036
1549 2276
1550 579
1550 656
1550 2143
1550 2315
1551 259
1551 679
1552 1335
1552 2151
1553 418
1553 1534
1553 1691
1554 223
1554 1293
1554 1514
1554 2293
1555 408
1555 711
1556 1034
1556 1256
1556 1345
1556 1712
1557 153
1557 440
1557 1258
1557 1276
1558 39
1558 626
1558 1759
1558 2437
1559 400
1560 551
1560 690
1560 1095
1560 1877
1561 376
1561 548
1562 538
1562 1024
1562 2381
1563 164
1563 2391
1564 726
1564 1643
1564 2353
1565 607
1565 1248
1565 1684
1565 2168
1566 2157
1566 2266
1567 1414
1567 2028
1568 305
1568 474
1568 1847
1568 1852
1569 524
1569 692
1569 1140
1570 395
1570 2269
1571 1186
1571 1653
1571 2085
1572 559
1572 1342
1572 1670
1572 1718
1573 340
1573 687
1573 1276
1573 1932
1574 957
1574 1676
1574 1928
1575 488
1575 2010
1576 63
1576 1357
1577 892
1577 1618
1578 327
1578 790
1578 1485
1578 1915
1579 1241
1579 1686
1579 2129
1580 179
1580 870
1580 1600
1581 123
1581 219
1581 595
1581 1840
1582 119
1582 339
1582 1804
1582 1941
1583 8
1583 42
1583 1031
1583 2124
1584 1629
1584 1998
1585 565
1585 698
1585 2290
1586 230
1586 367
1586 1879
1587 561
1587 949
1587 1338
1587 1815
1588 684
1588 947
1588 2136
1589 7
1589 1975
1589 2134
1589 2418
1590 1195
1590 1954
1590 2378
1591 112
1591 360
1591 1141
1591 1797
1592 326
1592 772
1592 1675
1592 2191
1593 1936
1593 1995
1594 1138
1594 1701
1594 2100
1595 351
1595 1744
1595 1839
1596 552
1596 1832
1596 2044
1597 1814
1597 2166
1598 391
1598 1463
1598 1502
1598 2298
1599 131
1599 1039
1600 1382
1600 1580
1600 2090
1601 140
1601 1426
1602 137
1602 2035
1603 881
1603 1138
1603 1701
1603 1732
1604 241
1604 841
1604 2365
1605 665
1605 782
1605 2214
1605 2286
1606 897
1606 1489
1606 1844
1606 1992
1607 529
1607 784
1607 945
1607 1007
1608 155
1608 816
1608 872
1608 1040
1609 1740
1609 2189
1609 2434
1610 1458
1610 2414
1611 680
1611 2295
1612 199
1612 1442
1612 1999
1612 2450
1613 15
1613 736
1613 772
1613 2060
1614 604
1614 1056
1614 1719
1614 2211
1615 593
1615 1639
1616 1762
1617 526
1617 556
1617 795
1617 1454
1618 1455
1618 1577
1619 768
1619 1954
1620 157
1620 786
1621 620
1621 865
1621 1812
1622 271
1622 337
1622 1008
1622 1159
1623 1265
1623 1686
1623 2129
1623 2172
1624 756
1624 1678
1624 1981
1624 2119
1625 616
1625 815
1625 1122
1626 339
1626 1315
1626 1778
1626 1804
1627 1134
1627 1442
1627 1782
1627 1999
1628 439
1628 734
1629 1412
1629 1584
1630 1267
1630 2283
1631 1976
1631 2158
1632 346
1632 1998
1632 2350
1633 413
1633 561
1633 1338
1633 1493
1634 590
1634 896
1634 1437
1635 719
1635 858
1635 1429
1635 1904
1636 1909
1636 1948
1636 1955
1636 2256
1637 719
1637 988
1637 1429
1638 1051
1638 1476
1639 468
1639 1615
1640 84
1640 588
1640 927
1640 1488
1641 25
1641 2087
1642 437
1642 1332
1642 1983
1642 2235
1643 1395
1643 1564
1644 1778
1644 1804
1644 2337
1645 579
1645 656
1646 1219
1646 1517
1646 1657
1646 2262
1647 410
1647 1302
1648 628
1648 1137
1648 1979
1648 2021
1649 1690
1649 2202
1650 938
1650 1496
1650 1513
1650 1537
1651 254
1651 1798
1651 2332
1652 602
1652 636
1653 533
1653 735
1653 1571
1654 639
1654 1152
1655 139
1655 325
1655 598
1655 1935
1656 2166
1656 2394
1657 360
1657 463
1657 1067
1657 1646
1658 1318
1658 1520
1658 2074
1659 9
1659 392
1659 611
1660 238
1660 1461
1661 1078
1661 2348
1662 981
1662 1216
1663 801
1663 1105
1663 1736
1663 1825
1664 160
1664 532
1664 879
1664 2137
1665 3
1665 246
1665 464
1665 1697
1666 1234
1666 1751
1666 2066
1666 2146
1667 583
1667 688
1667 1251
1668 1026
1668 1042
1669 997
1669 1021
1670 1
1670 182
1670 1572
1670 1803
1671 627
1671 1528
1672 1403
1672 2180
1672 2206
1672 2306
1673 580
1673 958
1674 675
1674 2112
1675 1516
1675 1592
1675 2094
1676 504
1676 856
1676 1574
1677 50
1677 121
1677 932
1678 1055
1678 1624
1678 2101
1679 583
1679 1761
1679 2049
1680 24
1680 2061
1681 699
1681 709
1681 1054
1682 281
1682 1478
1683 74
1683 739
1684 1151
1684 1507
1684 1565
1684 2002
1685 592
1685 793
1685 2001
1685 2165
1686 277
1686 1017
1686 1579
1686 1623
1687 375
1687 1547
1687 1990
1688 251
1688 874
1688 1237
1688 1510
1689 644
1689 1030
1689 1845
1690 1649
1690 1713
1691 1263
1691 1553
1691 1982
1692 624
1692 1023
1692 1200
1693 429
1693 1122
1693 2279
1694 284
1694 1001
1695 91
1695 160
1695 2168
1695 2304
1696 88
1696 194
1696 337
1696 1091
1697 352
1697 1665
1697 1910
1698 621
1698 1324
1699 168
1699 771
1699 1265
1699 2129
1700 1145
1700 1824
1701 462
1701 1594
1701 1603
1701 2236
1702 1171
1702 1926
1703 165
1703 1046
1703 1172
1703 2272
1704 1329
1704 2118
1705 1271
1705 1758
1705 1986
1706 1344
1706 2230
1707 813
1707 1748
1707 2122
1708 228
1708 674
1708 1860
1708 1869
1709 390
1709 494
1709 2036
1709 2057
1710 2020
1711 202
1711 1403
1711 1868
1711 2306
1712 333
1712 725
1712 1556
1712 2072
1713 1072
1713 1083
1713 1184
1713 1690
1714 91
1714 929
1714 1343
1714 2304
1715 32
1715 1756
1716 678
1716 1850
1716 1902
1717 412
1717 1944
1717 2436
1718 423
1718 1071
1718 1500
1718 1572
1719 167
1719 808
1719 1614
1719 1805
1720 691
1720 823
1721 1420
1721 1930
1721 2135
1721 2213
1722 787
1722 2061
1723 1105
1723 1464
1723 1736
1723 1862
1724 125
1724 196
1725 283
1725 1405
1726 1863
1726 1964
1726 2133
1727 975
1727 2327
1728 282
1728 745
1728 2299
1729 306
1729 1123
1730 532
1730 1130
1730 1259
1730 2137
1731 408
1731 2199
1732 462
1732 862
1732 1603
1732 1925
1733 506
1733 987
1733 2019
1733 2371
1734 1165
1734 1766
1734 2255
1735 331
1735 550
1735 1777
1736 239
1736 1663
1736 1723
1736 2078
1737 1318
1737 1320
1737 2074
1737 2149
1738 627
1738 1881
1739 442
1739 576
1740 568
1740 1609
1741 518
1741 1099
1742 912
1742 1875
1743 2001
1743 2165
1743 2300
1744 79
1744 154
1744 319
1744 1595
1745 505
1745 526
1745 795
1745 2038
1746 503
1746 1357
1747 506
1747 1380
1747 2019
1748 1475
1748 1707
1749 396
1749 1355
1749 1811
1750 266
1750 497
1750 1032
1750 1333
1751 1069
1751 1666
1751 1880
1751 2047
1752 292
1753 1145
1753 1511
1754 6
1754 16
1754 1084
1754 2196
1755 1044
1755 1059
1755 1120
1755 1791
1756 794
1756 1715
1757 455
1757 475
1757 1199
1757 1830
1758 1705
1759 1100
1759 1182
1759 1224
1759 1558
1760 683
1760 1214
1760 1290
1760 1491
1761 1363
1761 1679
1762 1456
1762 1616
1763 232
1763 961
1764 242
1764 310
1764 1410
1764 1542
1765 1366
1765 1388
1766 110
1766 1526
1766 1734
1767 489
1767 723
1767 1422
1768 14
1768 431
1768 867
1768 1942
1769 1973
1769 2191
1769 2202
1770 1025
1770 1209
1770 1905
1771 516
1771 954
1771 1139
1771 2156
1772 863
1772 1123
1773 308
1773 373
1773 607
1773 879
1774 530
1774 1432
1775 1824
1775 2132
1776 995
1776 2048
1777 205
1777 665
1777 983
1777 1735
1778 313
1778 821
1778 1626
1778 1644
1779 817
1779 840
1779 1790
1779 2171
1780 636
1780 794
1781 138
1781 653
1781 2282
1782 125
1782 1515
1782 1627
1783 91
1783 1101
1783 1248
1783 2168
1784 210
1784 623
1784 1452
1785 678
1785 1902
1786 426
1786 911
1786 1901
1787 129
1787 1115
1787 2236
1788 943
1788 1483
1789 85
1789 976
1789 1822
1789 2278
1790 1523
1790 1779
1791 510
1791 541
1791 853
1791 1755
1792 625
1792 1280
1793 712
1793 813
1793 2050
1793 2122
1794 385
1794 889
1794 1304
1795 1048
1796 858
1796 1257
1796 1904
1797 34
1797 480
1797 1541
1797 1591
1798 1651
1798 2005
1799 261
1799 686
1799 1131
1799 2204
1800 86
1800 549
1800 1150
1800 1373
1801 60
1801 207
1801 1332
1801 1399
1802 1027
1802 2266
1803 570
1803 1338
1803 1493
1803 1670
1804 520
1804 1582
1804 1626
1804 1644
1805 402
1805 1719
1805 2172
1806 32
1806 558
1807 820
1807 883
1808 684
1808 947
1808 1173
1808 2115
1809 6
1809 1084
1809 1532
1809 1837
1810 458
1810 941
1810 1085
1810 1445
1811 1210
1811 1749
1812 1621
1812 2159
1813 467
1813 1053
1813 1896
1814 1036
1814 1597
1814 2239
1815 455
1815 1397
1815 1587
1815 1830
1816 752
1816 956
1817 1068
1817 1917
1817 1958
1817 2193
1818 207
1818 437
1818 1070
1818 1332
1819 113
1819 1054
1819 2175
1820 11
1820 330
1820 1187
1820 1870
1821 407
1821 2158
1821 2219
1822 36
1822 733
1822 1497
1822 1789
1823 231
1823 1857
1824 1700
1824 1775
1824 2442
1825 660
1825 1317
1825 1663
1825 2078
1826 1195
1826 1247
1826 1309
1827 1038
1827 2283
1828 286
1828 969
1829 1398
1829 2014
1830 929
1830 1757
1830 1815
1830 1980
1831 646
1831 1844
1831 1938
1831 1992
1832 708
1832 1413
1832 1596
1833 443
1833 1378
1833 2192
1834 363
1834 2269
1835 113
1835 1434
1836 2150
1836 2313
1837 743
1837 908
1837 1809
1837 2291
1838 553
1838 1504
1838 1876
1838 2161
1839 154
1839 305
1839 1519
1839 1595
1840 100
1840 1230
1840 1581
1840 2237
1841 449
1841 2384
1841 2414
1842 1086
1842 1336
1842 2000
1842 2252
1843 223
1843 487
1843 711
1843 2293
1844 242
1844 310
1844 1606
1844 1831
1845 66
1845 731
1845 1525
1845 1689
1846 818
1846 2439
1847 287
1847 529
1847 1135
1847 1568
1848 269
1848 462
1848 1115
1848 2236
1849 197
1849 564
1849 1143
1849 1341
1850 1716
1850 2025
1851 295
1851 539
1851 1321
1852 153
1852 383
1852 1568
1852 2316
1853 73
1853 1240
1853 1486
1853 1859
1854 457
1854 477
1854 2354
1854 2366
1855 388
1855 2029
1855 2289
1855 2367
1856 47
1856 1897
1857 1528
1857 1823
1858 840
1858 910
1858 2171
1858 2253
1859 223
1859 1015
1859 1514
1859 1853
1860 320
1860 1708
1861 224
1861 834
1861 1047
1862 239
1862 1025
1862 1723
1862 1905
1863 1153
1863 1726
1863 1871
1864 460
1864 1239
1865 938
1865 1079
1865 2107
1865 2322
1866 655
1866 2063
1867 977
1867 2261
1868 156
1868 1354
1868 1711
1868 2163
1869 1394
1869 1708
1870 428
1870 1820
1871 100
1871 1863
1871 2133
1872 157
1872 1171
1873 1036
1873 1444
1874 428
1874 1307
1875 861
1875 1742
1876 1838
1876 1899
1876 2180
1876 2292
1877 49
1877 881
1877 1560
1877 2124
1878 722
1878 2084
1879 201
1879 1356
1879 1586
1879 1882
1880 296
1880 1234
1880 1751
1880 2140
1881 332
1881 1738
1882 575
1882 1879
1882 2294
1883 608
1883 778
1883 1142
1884 828
1884 930
1885 295
1885 539
1885 1240
1885 1486
1886 566
1886 773
1886 2064
1886 2218
1887 470
1887 657
1887 1402
1887 2251
1888 122
1888 215
1888 857
1888 1418
1889 909
1889 1929
1890 887
1890 1422
1890 1473
1890 1913
1891 22
1891 189
1892 293
1892 1066
1892 2380
1893 12
1893 862
1893 1925
1893 2007
1894 560
1894 934
1894 954
1894 1032
1895 52
1895 984
1895 2447
1896 289
1896 1010
1896 1813
1897 1035
1897 1856
1898 790
1898 1485
1898 1962
1899 553
1899 1234
1899 1876
1899 2140
1900 719
1900 858
1900 2022
1901 197
1901 1786
1901 2177
1901 2179
1902 1716
1902 1785
1902 2075
1903 928
1903 2186
1904 748
1904 1170
1904 1635
1904 1796
1905 499
1905 1464
1905 1770
1905 1862
1906 614
1906 724
1907 425
1907 668
1907 1938
1907 2154
1908 308
1908 635
1908 756
1908 1981
1909 783
1909 1390
1909 1636
1910 149
1910 246
1910 1140
1910 1697
1911 244
1911 445
1911 2204
1912 136
1912 1170
1912 1457
1912 1947
1913 1207
1913 1890
1914 381
1914 570
1914 1493
1914 1537
1915 112
1915 215
1915 1418
1915 1578
1916 65
1916 127
1916 444
1916 2071
1917 250
1917 341
1917 536
1917 1817
1918 640
1918 2037
1919 272
1919 516
1919 916
1919 1314
1920 126
1920 1477
1921 613
1921 1029
1921 1260
1922 896
1922 1275
1922 2279
1923 933
1923 1353
1924 364
1924 2003
1925 1229
1925 1732
1925 1893
1925 1978
1926 2
1926 1702
1927 763
1927 1104
1928 276
1928 1430
1928 1574
1929 1889
1929 2264
1930 158
1930 603
1930 1094
1930 1721
1931 488
1931 618
1931 2010
1931 2274
1932 1233
1932 1355
1932 1463
1932 1573
1933 600
1933 654
1934 174
1934 885
1934 1061
1935 178
1935 681
1935 779
1935 1655
1936 171
1936 828
1936 1593
1937 622
1937 1012
1937 1203
1938 310
1938 1049
1938 1831
1938 1907
1939 24
1939 183
1940 953
1940 1303
1941 1082
1941 1229
1941 1582
1941 2224
1942 814
1942 1209
1942 1768
1943 545
1943 2099
1944 581
1944 1717
1945 95
1945 424
1945 1194
1945 1253
1946 60
1946 1249
1946 2161
1946 2238
1947 988
1947 1429
1947 1912
1947 2116
1948 170
1948 514
1948 1390
1948 1636
1949 274
1949 1291
1950 73
1950 976
1950 1240
1950 2278
1951 212
1951 483
1951 2440
1952 338
1952 905
1952 965
1952 1505
1953 434
1953 688
1953 1193
1953 1251
1954 1590
1954 1619
1955 166
1955 508
1955 514
1955 1636
1956 816
1956 872
1956 898
1956 2093
1957 449
1957 1147
1958 833
1958 1817
1959 309
1959 578
1959 979
1959 982
1960 27
1960 931
1960 1235
1960 1293
1961 168
1961 705
1961 838
1961 2323
1962 654
1962 1898
1963 10
1963 2281
1964 536
1964 1726
1965 736
1965 1192
1965 1441
1965 2060
1966 314
1966 1121
1966 1135
1966 1159
1967 894
1967 2257
1968 1213
1968 1286
1969 206
1969 766
1970 720
1970 2311
1971 152
1971 2104
1971 2373
1971 2395
1972 1200
1973 27
1973 931
1973 1365
1973 1769
1974 148
1974 1150
1974 1373
1974 2018
1975 827
1975 1313
1975 1589
1976 1631
1976 2143
1977 1280
1977 1503
1977 2034
1978 146
1978 269
1978 462
1978 1925
1979 1050
1979 1648
1980 377
1980 1397
1980 1830
1980 2210
1981 1055
1981 1624
1981 1908
1981 2177
1982 418
1982 1691
1983 1410
1983 1542
1983 1642
1983 2024
1984 409
1984 1022
1985 755
1985 921
1985 1231
1986 55
1986 1174
1986 1705
1987 487
1987 711
1987 899
1988 1246
1988 2284
1989 59
1989 335
1989 798
1990 509
1990 1687
1991 507
1991 973
1991 2002
1991 2056
1992 501
1992 1606
1992 1831
1993 519
1993 714
1993 767
1994 259
1994 2082
1995 1593
1995 2162
1996 209
1996 701
1997 118
1997 547
1997 1340
1997 1350
1998 1584
1998 1632
1998 2300
1999 306
1999 1612
1999 1627
2000 918
2000 1100
2000 1182
2000 1842
2001 1685
2001 1743
2001 2072
2002 880
2002 955
2002 1684
2002 1991
2003 276
2003 1924
2004 585
2004 738
2004 2009
2005 471
2005 1798
2005 2364
2006 139
2006 353
2006 391
2006 1336
2007 49
2007 521
2007 1893
2007 2187
2008 84
2008 605
2008 927
2008 1348
2009 1081
2009 2004
2009 2130
2009 2247
2010 628
2010 1137
2010 1575
2010 1931
2011 544
2011 1211
2012 1079
2012 1107
2012 1446
2012 2322
2013 185
2013 1221
2013 1232
2013 1242
2014 590
2014 1437
2014 1829
2014 2270
2015 322
2015 758
2015 878
2015 1424
2016 416
2016 1062
2016 1447
2017 378
2017 1448
2018 459
2018 467
2018 1053
2018 1974
2019 1112
2019 1733
2019 1747
2020 1710
2020 2055
2021 187
2021 1050
2021 1648
2022 1467
2022 1900
2023 434
2023 815
2023 1251
2023 2341
2024 1332
2024 1352
2024 1399
2024 1983
2025 852
2025 1850
2026 269
2026 1115
2026 2170
2027 1460
2027 2200
2028 255
2028 1567
2029 191
2029 1480
2029 1855
2030 525
2030 562
2030 1379
2030 1520
2031 159
2031 2201
2032 529
2032 945
2032 1121
2032 1135
2033 389
2033 1428
2033 2098
2034 44
2034 1977
2035 460
2035 1602
2036 876
2036 1020
2036 1549
2036 1709
2037 93
2037 707
2037 1918
2038 998
2038 1343
2038 1465
2038 1745
2039 886
2039 2136
2040 443
2040 1274
2040 1378
2041 1287
2041 2367
2042 1357
2042 2184
2043 639
2044 803
2044 1596
2045 54
2045 264
2045 2319
2045 2425
2046 359
2046 435
2046 1408
2046 1415
2047 521
2047 1751
2047 2146
2047 2187
2048 263
2048 1776
2049 1323
2049 1363
2049 1379
2049 1679
2050 836
2050 1110
2050 1793
2051 366
2051 1003
2051 1250
2052 231
2052 2073
2053 150
2053 415
2054 935
2054 1498
2054 2174
2055 1018
2055 2020
2056 1376
2056 1991
2056 2088
2056 2277
2057 291
2057 876
2057 1709
2057 2286
2058 1346
2058 2123
2059 699
2059 1029
2059 1054
2060 931
2060 1365
2060 1613
2060 1965
2061 1680
2061 1722
2062 666
2062 757
2063 1866
2063 2220
2063 2275
2064 1347
2064 1886
2064 2217
2065 38
2065 631
2066 619
2066 1375
2066 1666
2066 2292
2067 791
2067 842
2068 834
2068 1392
2068 1531
2069 673
2069 2303
2070 412
2070 2383
2070 2419
2071 37
2071 451
2071 1916
2072 793
2072 1256
2072 1712
2072 2001
2073 755
2073 921
2073 2052
2074 1658
2074 1737
2075 1324
2075 1902
2076 860
2076 1509
2076 2326
2077 174
2077 1349
2078 615
2078 1546
2078 1736
2078 1825
2079 148
2079 289
2079 742
2079 1321
2080 994
2080 1026
2081 744
2081 871
2082 1426
2082 1994
2083 297
2083 357
2084 120
2084 1878
2085 380
2085 1571
2086 266
2086 497
2086 1158
2086 2323
2087 1115
2087 1641
2087 2170
2088 507
2088 569
2088 2056
2088 2262
2089 702
2089 1130
2089 1259
2090 1600
2090 2426
2091 306
2091 1035
2092 548
2092 700
2093 557
2093 1500
2093 1505
2093 1956
2094 1675
2094 2191
2094 2202
2095 222
2095 469
2096 1296
2096 1394
2097 1269
2097 1387
2098 311
2098 2033
2099 1383
2099 1943
2100 129
2100 1114
2100 1594
2100 2236
2101 1028
2101 1156
2101 1678
2101 2119
2102 489
2102 1249
2102 2125
2103 243
2103 876
2103 1020
2103 2248
2104 1971
2104 2360
2104 2361
2105 110
2105 1526
2106 609
2106 737
2106 781
2106 2240
2107 98
2107 648
2107 864
2107 1865
2108 48
2108 1161
2109 46
2109 859
2109 1372
2110 267
2110 1427
2111 225
2111 800
2111 1277
2111 1519
2112 32
2112 540
2112 1674
2113 1392
2113 1511
2113 2385
2114 1326
2114 2314
2115 629
2115 1808
2115 2429
2115 2443
2116 107
2116 136
2116 1238
2116 1947
2117 651
2117 663
2117 1082
2118 1704
2118 2333
2119 1064
2119 1508
2119 1624
2119 2101
2120 891
2120 986
2120 2138
2121 172
2121 995
2122 836
2122 1707
2122 1793
2123 1478
2123 2058
2124 1095
2124 1175
2124 1583
2124 1877
2125 240
2125 535
2125 2102
2125 2228
2126 760
2126 1087
2126 1255
2127 1361
2127 2336
2127 2369
2128 299
2128 1092
2128 1538
2128 2147
2129 1459
2129 1579
2129 1623
2129 1699
2130 554
2130 638
2130 1546
2130 2009
2131 1440
2131 2358
2132 1279
2132 1775
2132 2442
2133 250
2133 536
2133 1726
2133 1871
2134 930
2134 1589
2135 1094
2135 1130
2135 1721
2136 1588
2136 2039
2137 556
2137 1454
2137 1664
2137 1730
2138 1431
2138 1482
2138 2120
2139 398
2139 675
2139 1439
2140 117
2140 240
2140 1880
2140 1899
2141 349
2141 365
2141 2267
2142 261
2142 445
2142 944
2142 2204
2143 490
2143 1550
2143 1976
2144 661
2144 1370
2145 218
2145 2194
2146 105
2146 1375
2146 1666
2146 2047
2147 479
2147 2128
2147 2181
2148 433
2148 917
2148 1033
2149 290
2149 672
2149 1737
2150 800
2150 1057
2150 1836
2151 94
2151 1552
2152 1146
2152 1155
2153 709
2153 1059
2154 90
2154 1049
2154 1907
2154 2444
2155 302
2155 580
2156 1495
2156 1771
2156 2305
2157 97
2157 1566
2157 2201
2158 780
2158 1631
2158 1821
2159 315
2159 1812
2160 2285
2160 2370
2161 1339
2161 1838
2161 1946
2161 2228
2162 1409
2162 1995
2163 322
2163 758
2163 951
2163 1868
2164 673
2164 1254
2165 346
2165 1524
2165 1685
2165 1743
2166 1597
2166 1656
2167 481
2167 1348
2167 1433
2167 1462
2168 62
2168 1565
2168 1695
2168 1783
2169 84
2169 605
2170 1087
2170 2026
2170 2087
2171 1190
2171 1779
2171 1858
2172 23
2172 1017
2172 1623
2172 1805
2173 107
2173 648
2174 1487
2174 2054
2174 2190
2175 493
2175 510
2175 541
2175 1819
2176 925
2176 1401
2177 635
2177 832
2177 1901
2177 1981
2178 102
2178 797
2178 1077
2179 832
2179 1901
2180 482
2180 1504
2180 1672
2180 1876
2181 1538
2181 2147
2181 2217
2182 104
2182 369
2182 1018
2183 0
2183 211
2184 991
2184 2042
2185 886
2185 1132
2185 2289
2186 1279
2186 1903
2187 12
2187 1069
2187 2007
2187 2047
2188 658
2188 1133
2189 1609
2189 2328
2189 2430
2190 632
2190 935
2190 2174
2191 1365
2191 1592
2191 1769
2191 2094
2192 8
2192 1138
2192 1833
2193 341
2193 792
2193 833
2193 1817
2194 1097
2194 2145
2195 413
2195 1493
2195 1513
2195 1537
2196 155
2196 307
2196 816
2196 1754
2197 729
2197 1484
2198 990
2198 2222
2199 15
2199 736
2199 1731
2200 1325
2200 2027
2201 2031
2201 2157
2201 2433
2202 1649
2202 1769
2202 2094
2203 25
2203 685
2204 1799
2204 1911
2204 2142
2205 82
2205 280
2205 732
2205 1495
2206 482
2206 1408
2206 1415
2206 1672
2207 589
2207 758
2207 878
2208 289
2208 1010
2208 1321
2209 343
2209 964
2209 1107
2210 91
2210 929
2210 1101
2210 1980
2211 486
2211 681
2211 779
2211 1614
2212 2244
2212 2301
2213 566
2213 1721
2213 2219
2214 312
2214 331
2214 1245
2214 1605
2215 565
2215 710
2216 2
2216 195
2217 773
2217 2064
2217 2181
2218 633
2218 1045
2218 1347
2218 1886
2219 1045
2219 1821
2219 2213
2220 216
2220 2063
2221 61
2221 171
2221 828
2222 909
2222 2198
2223 135
2223 843
2224 12
2224 119
2224 1069
2224 1941
2225 90
2225 707
2226 391
2226 1336
2226 2252
2226 2298
2227 243
2227 785
2227 808
2227 1020
2228 553
2228 1249
2228 2125
2228 2161
2229 265
2229 950
2230 336
2230 1706
2231 655
2231 1060
2231 1191
2232 457
2232 761
2233 850
2233 1490
2234 599
2234 1487
2235 78
2235 1450
2235 1542
2235 1642
2236 1701
2236 1787
2236 1848
2236 2100
2237 595
2237 1431
2237 1840
2238 322
2238 1339
2238 1424
2238 1946
2239 176
2239 1814
2239 2335
2240 347
2240 1015
2240 1514
2240 2106
2241 95
2241 122
2241 424
2241 857
2242 804
2242 1181
2243 715
2243 1301
2244 906
2244 2212
2245 500
2245 637
2246 271
2246 551
2246 1088
2246 1095
2247 554
2247 738
2247 1092
2247 2009
2248 312
2248 430
2248 1245
2248 2103
2249 513
2249 915
2250 538
2250 728
2250 2381
2251 13
2251 501
2251 1468
2251 1887
2252 689
2252 1842
2252 2226
2253 1858
2253 2344
2254 200
2254 1274
2255 110
2255 244
2255 445
2255 1734
2256 166
2256 1636
2257 933
2257 1967
2257 2428
2258 388
2258 632
2258 1132
2258 2289
2259 1041
2259 1327
2260 684
2260 1173
2260 2431
2261 206
2261 1867
2262 1067
2262 1646
2262 2088
2262 2277
2263 23
2263 71
2263 495
2263 825
2264 1108
2264 1929
2265 131
2265 1306
2265 1484
2266 97
2266 1063
2266 1566
2266 1802
2267 368
2267 387
2267 2141
2268 1001
2268 2330
2269 1570
2269 1834
2270 2014
2271 1153
2271 1536
2272 695
2272 1283
2272 1703
2272 2302
2273 87
2273 318
2273 1506
2274 628
2274 1931
2275 1358
2275 2063
2276 165
2276 563
2276 1046
2276 1549
2277 384
2277 1219
2277 2056
2277 2262
2278 923
2278 1789
2278 1950
2278 2302
2279 1693
2279 1922
2280 375
2280 645
2280 848
2281 311
2281 1963
2282 368
2282 1781
2283 1630
2283 1827
2284 239
2284 268
2284 1025
2284 1988
2285 1282
2285 2160
2286 185
2286 1245
2286 1605
2286 2057
2287 212
2287 1278
2288 381
2288 1316
2288 1446
2288 2322
2289 191
2289 1855
2289 2185
2289 2258
2290 476
2290 1585
2291 811
2291 1319
2291 1532
2291 1837
2292 482
2292 1234
2292 1876
2292 2066
2293 1192
2293 1441
2293 1554
2293 1843
2294 201
2294 326
2294 835
2294 1882
2295 1166
2295 1611
2296 301
2296 866
2296 967
2296 1106
2297 398
2297 1111
2298 689
2298 1002
2298 1598
2298 2226
2299 280
2299 732
2299 1728
2300 346
2300 875
2300 1743
2300 1998
2301 706
2301 2212
2302 85
2302 531
2302 2272
2302 2278
2303 315
2303 2069
2304 795
2304 1454
2304 1695
2304 1714
2305 272
2305 516
2305 2156
2306 812
2306 1415
2306 1672
2306 1711
2307 873
2307 932
2307 1334
2308 14
2308 98
2308 499
2308 864
2309 236
2309 797
2309 1077
2309 2343
2310 469
2311 678
2311 757
2311 1970
2312 788
2312 1471
2313 740
2313 1337
2313 1836
2314 2114
2314 2352
2315 1028
2315 1156
2315 1550
2316 225
2316 305
2316 1519
2316 1852
2317 26
2317 350
2317 2376
2318 89
2318 2359
2319 147
2319 1103
2319 2045
2320 434
2320 605
2320 1193
2321 481
2321 927
2321 1348
2322 985
2322 1865
2322 2012
2322 2288
2323 133
2323 802
2323 1961
2323 2086
2324 2421
2325 236
2325 1077
2326 2076
2326 2329
2326 2351
2326 2432
2327 1727
2327 2363
2328 754
2328 2189
2329 1509
2329 2326
2330 568
2330 2268
2331 1213
2331 1286
2331 2347
2332 221
2332 1651
2333 357
2333 2118
2334 506
2334 987
2334 2340
2335 399
2335 1036
2335 2239
2336 952
2336 2127
2337 262
2337 520
2337 1644
2338 1286
2338 2346
2338 2347
2339 601
2340 762
2340 2334
2340 2356
2341 83
2341 525
2341 562
2341 2023
2342 203
2342 1217
2342 2372
2343 509
2343 831
2343 2309
2344 355
2344 840
2344 2253
2345 860
2345 1509
2345 2430
2346 2338
2347 2331
2347 2338
2348 94
2348 1661
2349 355
2350 617
2350 1632
2350 2374
2351 2326
2352 1238
2352 2314
2353 1096
2353 1564
2354 192
2354 1492
2354 1854
2355 503
2355 943
2356 461
2356 2340
2357 288
2357 765
2357 914
2358 1364
2358 2131
2359 2318
2360 468
2360 2104
2360 2395
2361 468
2361 2104
2362 1093
2362 1204
2363 2327
2363 2439
2364 1287
2364 2005
2365 179
2365 1604
2366 192
2366 1854
2367 599
2367 1480
2367 1855
2367 2041
2368 503
2368 943
2369 952
2369 2127
2370 472
2370 2160
2371 1733
2371 2387
2372 286
2372 1309
2372 2342
2373 496
2373 1971
2374 887
2374 1473
2374 2350
2375 633
2375 1347
2376 2317
2376 2445
2377 512
2377 1299
2378 203
2378 1217
2378 1590
2379 248
2379 1004
2380 586
2380 1892
2380 2399
2381 1562
2381 2250
2382 789
2382 1147
2383 70
2383 1052
2383 2070
2384 361
2384 1841
2385 544
2385 1236
2385 2113
2386 368
2386 387
2387 987
2387 2371
2388 221
2388 904
2388 1041
2389 251
2389 680
2389 1510
2390 121
2390 371
2390 932
2391 28
2391 1563
2392 385
2392 889
2393 237
2393 300
2394 111
2394 1656
2395 1971
2395 2360
2395 2415
2396 606
2396 939
2397 186
2397 1533
2398 236
2398 2435
2399 1066
2399 2380
2400 2403
2400 2405
2401 2412
2401 2420
2402 2404
2402 2416
2403 2400
2403 2406
2404 2402
2404 2410
2405 2400
2405 2410
2406 382
2406 2403
2407 2411
2407 2415
2408 56
2408 1111
2409 2411
2409 2420
2410 2404
2410 2405
2411 2407
2411 2409
2412 2401
2412 2413
2413 2412
2413 2416
2414 361
2414 1297
2414 1610
2414 1841
2415 2395
2415 2407
2416 2402
2416 2413
2417 5
2417 606
2418 930
2418 1589
2419 70
2419 2070
2420 2401
2420 2409
2421 1262
2421 1421
2421 2324
2422 1033
2422 1074
2423 142
2423 237
2423 928
2424 606
2424 939
2425 452
2425 1103
2425 2045
2426 1382
2426 2090
2427 897
2427 1489
2428 894
2428 1154
2428 2257
2429 947
2429 2115
2430 754
2430 2189
2430 2345
2431 191
2431 2260
2432 2326
2433 159
2433 2201
2434 568
2434 1609
2435 481
2435 2398
2436 1052
2436 1717
2437 704
2437 1224
2437 1558
2438 1202
2439 1846
2439 2363
2440 67
2440 1128
2440 1951
2441 618
2441 1526
2442 1824
2442 2132
2443 904
2443 1021
2443 1173
2443 2115
2444 425
2444 2154
2445 26
2445 2376
2446 868
2446 1272
2447 400
2447 1895
2448 144
2448 1027
2449 1157
2449 1328
2450 1205
2450 1612
